00000000000000000100000000100000
00000001000010011000000000101010
00010010000000000000000000000111
00000000000010001100100010000000
00000001010110011011000000100000
10001110110101010000000000000000
00000001011110011011000000100000
10101110110101010000000000000000
00100001000010000000000000000001
00001000000100000000000000000001
00100000000011010000000000000001
00000000000000000111000000100000
00000000000000000111100000100000
00000001101010011000000000101010
00010010000000000000000000010111
00000000000011011000100010000000
00000010001010111001000000100000
10001110010011100000000000000000
00100000000110010000000000000001
00000001101110010111100000100010
00001100000100000000000000011010
00000000000011111000100010000000
00000010001010111001000000100000
10101110010011100000000000000100
00100001101011010000000000000001
00001000000100000000000000001101
00000001111000001000000000101010
00010110000000000000000000001001
00000000000011111000100010000000
00000010001010111001000000100000
10001110010101000000000000000000
00000001110101001000000000101010
00010010000000000000000000000100
10101110010101000000000000000100
00100000000110010000000000000001
00000001111110010111100000100010
00001000000100000000000000011010
00000011111000000000000000001000
